1780046179.77976 -0 0 -0 0 0 0 1
1780046180.113 -0.000452060766 0.000269192675 0.000994786084 1.27112625e-05 -6.95897404e-06 -1.76332162e-05 1
1780046180.44624 -2.78966918e-05 0.000486974439 0.000498959991 -7.54897349e-07 -4.5799579e-06 -5.25970323e-05 0.999999999
1780046180.7795 -0.00029789677 -0.000419002287 -0.000578318964 -9.28554973e-06 2.07775931e-05 -2.00179682e-05 1
1780046181.11274 0.000313924779 0.000222656429 -0.000350673804 -1.03661279e-06 1.22753169e-06 -3.74436535e-05 0.999999999
1780046181.44598 -3.65300049e-05 0.000427132299 0.00108353701 -1.55275851e-06 1.75146805e-05 -1.28798355e-05 1
1780046181.77923 -0.000284966315 0.000355711104 7.83552395e-05 2.58961745e-05 8.98609005e-06 -5.35307155e-05 0.999999998
1780046182.11248 -7.80894894e-05 8.01209551e-05 -0.000173948179 5.40921262e-06 2.4415296e-05 -2.85699306e-05 0.999999999
1780046182.44578 -0.000527074707 0.000508668237 4.31001155e-05 -1.90191886e-05 3.34610036e-05 -3.5793774e-05 0.999999999
1780046182.7795 -0.000533900282 -0.00049062531 -0.000703121006 -4.49119232e-06 3.18967862e-05 -4.75716835e-05 0.999999998
1780046183.11326 9.58600314e-06 0.000220817532 3.20601568e-05 4.08964183e-06 1.62157164e-05 -4.58714451e-06 1
1780046183.44705 -0.000130841133 -3.25822627e-05 -0.00107419839 2.05333582e-06 2.62519261e-05 -2.67803498e-05 0.999999999
1780046183.78085 0.00164788036 0.000537697415 0.00648728794 0.000764163254 -0.00013085652 9.03662599e-05 0.999999695
1780046184.1147 -9.10904475e-06 0.00768479683 0.134428837 -0.0011996449 -0.00102702891 0.000261512995 0.999998719
1780046184.44851 -0.00151178447 0.00819412698 0.269114728 -0.000874339252 0.000478563939 0.000205839906 0.999999482
1780046184.78193 -0.00357735543 0.00777635743 0.406496597 -0.000288712525 0.000432143366 -0.000626201346 0.999999669
1780046185.11535 -0.00841008421 0.0107118748 0.548118271 -0.000683460241 0.000703396439 -0.000820262479 0.999999183
1780046185.44876 -0.00660866017 0.0121179061 0.677382189 -0.000793174563 0.000352154046 7.15853242e-05 0.999999621
1780046185.78218 -0.0117762745 0.0160598021 0.801317215 -0.00134245784 -0.00014258598 0.000452477743 0.999998986
1780046186.1156 -0.0130592592 0.0197253829 0.913001698 -0.00197347239 -0.000702816769 0.00129876473 0.999996962
1780046186.44901 -0.0124255758 0.0204968915 1.01615863 -0.00485831023 2.19586679e-05 0.000865463354 0.999987824
1780046186.78243 -0.0130935514 0.0192223503 1.06146637 -0.00284833942 -0.000198617644 0.000373559904 0.999995854
1780046187.11584 -0.0192771916 0.0209646445 1.1267443 -0.00149821097 -7.12339626e-05 0.000510943619 0.999998745
1780046187.44936 -0.0197881888 0.0226696119 1.23681917 -0.00248828948 -0.000626419221 -0.000323852314 0.999996656
1780046187.78359 -0.0205123977 0.0288088476 1.38877643 -0.00316775558 -0.000603571047 -0.000889237907 0.999994405
1780046188.11787 -0.0237581846 0.0298248042 1.55073357 -0.0019314625 -0.00110794834 0.000111924717 0.999997515
1780046188.45206 -0.0288159269 0.0348875857 1.73213179 -0.00140042437 -0.000605826805 0.000446242309 0.999998736
1780046188.7854 -0.0325054593 0.0366913065 1.89324627 -0.000156088459 -0.000405446989 -0.000592750368 0.99999973
1780046189.11873 -0.0342004615 0.0356890452 2.05929158 0.000365575795 -0.00137808508 -0.000802895993 0.999998661
1780046189.45206 -0.0423740921 0.0378794422 2.21673466 0.000775207136 -0.00147358196 -0.00138489449 0.999997655
1780046189.78539 -0.0380103379 0.0471652948 2.39328185 -0.00198386089 0.00774252207 -0.0013777691 0.999967109
1780046190.11872 -0.0344977936 0.0435762864 2.54519051 -0.00201657833 0.0147524781 -0.0029550913 0.999884776
1780046190.45205 -0.0327431237 0.047581772 2.70814816 -8.93864702e-05 0.0148377145 -0.00316336121 0.999884907
1780046190.78538 -0.0277914478 0.0501585476 2.86668133 -0.00225774062 0.0150614752 -0.00306630629 0.999879319
1780046191.11871 -0.0270022306 0.0551985553 3.03335597 -0.00435235368 0.0146684252 -0.00361901804 0.999876391
1780046191.45204 -0.0229313761 0.0606355406 3.20422847 -0.00596157616 0.0144110759 -0.00144954925 0.999877332
1780046191.78537 -0.0225254355 0.0633276825 3.36744136 -0.00629210384 0.0153343406 -0.00206629029 0.999860489
1780046192.1187 -0.0208328976 0.0672199267 3.53298993 -0.00523396942 0.0146462882 -0.00294439341 0.999874703
1780046192.45202 -0.0213034347 0.0699403141 3.69786969 -0.00453682015 0.0151480019 -0.00279599105 0.999871061
1780046192.78536 -0.016746868 0.0751350072 3.86725605 -0.00468314225 0.014663093 -0.00206969093 0.999879382
1780046193.11869 -0.0149216896 0.0793790264 4.03789029 -0.00622786713 0.014792517 -0.00103331174 0.999870655
1780046193.45201 -0.0170036284 0.0818694026 4.19941871 -0.00517022403 0.0155185901 -0.0027761805 0.999862358
1780046193.78535 -0.00956790129 0.0887748387 4.36829117 -0.00499471764 0.0161809873 -0.000769446564 0.999856308
1780046194.11868 -0.00535116178 0.0912625484 4.53486522 -0.00381163983 0.0159124274 -0.000535872844 0.99986598
1780046194.452 -0.0025094837 0.094427133 4.69409022 -0.00330731155 0.0150308045 0.00127603526 0.999880747
1780046194.78534 0.00073398819 0.103044475 4.86793354 -0.00468458923 0.0149954126 0.000956611676 0.999876131
1780046195.11867 0.00101581778 0.101765965 5.02494089 -0.00282491376 0.0149106942 0.000387756232 0.999884764
1780046195.45207 0.00220247786 0.110087896 5.20101597 -0.00276582439 0.0154395029 -1.38051145e-06 0.999876978
1780046195.7862 0.00775349748 0.109678494 5.37043403 -0.00407467076 0.0156216857 0.000752356562 0.999869388
1780046196.12037 0.00875126256 0.116469828 5.54248553 -0.00528089132 0.0148325703 0.00124655736 0.999875269
1780046196.45448 0.00580013008 0.116875827 5.69912874 -0.00410358333 0.0160275719 0.000820648597 0.999862793
1780046196.78774 0.0117257492 0.122693724 5.8720893 -0.00349893332 0.0159118602 0.000287750682 0.999867235
1780046197.12099 0.0145751214 0.130393285 6.04127797 -0.00439405851 0.0163498257 -0.000992245962 0.999856185
1780046197.45422 0.0148726262 0.133365424 6.21102754 -0.00446936289 0.0154184198 -4.05166726e-05 0.999871139
1780046197.78749 0.0183031266 0.136096212 6.37914054 -0.00276114126 0.0158911318 -9.6654379e-06 0.999869916
1780046198.12073 0.0214691204 0.141844518 6.54666129 -0.0028625396 0.0155325668 -0.00184413411 0.999873564
1780046198.45397 0.0171608617 0.138236193 6.70593667 -0.00478530945 0.0158688054 -0.00290558117 0.99985841
1780046198.78723 0.0213135424 0.144769093 6.87260424 -0.00502675105 0.0158760389 -0.00261268337 0.999857918
1780046199.12048 0.02110844 0.149873492 7.04342481 -0.00556206204 0.0162216452 -0.003545 0.999846666
1780046199.45372 0.0241320369 0.15276273 7.20919233 -0.00456314177 0.0165884228 -0.00345367747 0.999846025
1780046199.78697 0.0265823651 0.152015998 7.37319377 -0.00387571923 0.01661378 -0.00412016291 0.999845981
1780046200.12021 0.0315118667 0.158765989 7.54184831 -0.00363428341 0.0167165438 -0.00461056267 0.999843034
1780046200.4535 0.0314052014 0.162470127 7.70938666 -0.00524109212 0.0162777977 -0.00450155417 0.999843638
1780046200.78757 0.0335444132 0.16194834 7.87496948 -0.00301512301 0.0165808922 -0.00345968676 0.999851996
1780046201.12167 0.0326987481 0.166575232 8.0396955 -0.00199732015 0.0170762766 -0.00566730572 0.999836133
1780046201.45574 0.0337205155 0.176251832 8.21235925 -0.0047231194 0.0175544899 -0.004772609 0.999823362
1780046201.78892 0.0429065404 0.180718097 8.38202725 -0.00768374847 0.0177052278 -0.00355733929 0.999807397
1780046202.12208 0.0417320768 0.181526201 8.53985515 -0.00537507483 0.017335005 -0.00310381684 0.999830472
1780046202.45522 0.0493376354 0.184554099 8.70708541 -0.00464134909 0.0170286488 -0.00121839613 0.999843487
1780046202.7884 0.05052426 0.187625887 8.8738992 -0.005272342 0.0170727948 -0.00226339415 0.999837786
1780046203.12156 0.0502302332 0.193087126 9.04495066 -0.00342182522 0.0169657536 -0.00255121201 0.999846961
1780046203.45473 0.05487851 0.190772514 9.19906297 -0.00333492055 0.0168173029 -0.0021057144 0.9998508
1780046203.78837 0.0586913584 0.198622402 9.36998401 -0.00253690915 0.0162004752 -0.00166128771 0.999864165
1780046204.12204 0.0584949042 0.20318626 9.53709506 -0.00225788553 0.0173987998 -0.00218680377 0.999843689
1780046204.45575 0.0582171636 0.207203538 9.70410536 -0.000998478376 0.0171581101 -0.00288156887 0.999848138
1780046204.78982 0.0642604499 0.206570878 9.87192006 -0.000699260542 0.0173735626 -0.0037525907 0.999841782
1780046205.12392 0.068393931 0.209901536 10.0407426 -0.000860978047 0.0171439136 -0.00200628235 0.999850649
1780046205.45804 0.0738810676 0.212226263 10.2183602 0.00138752532 0.0170934742 -0.000920516152 0.999852509
1780046205.79201 0.0758693309 0.211737855 10.3705743 -0.000339529739 0.0174004089 -0.00219798822 0.999846128
1780046206.126 0.0783250872 0.212590269 10.5337571 -0.00111542017 0.0171538609 -0.00266421323 0.99984869
1780046206.46002 0.0827887964 0.21974736 10.7135859 -0.00388714085 0.017102789 -0.00237930082 0.99984335
1780046206.79312 0.0836852734 0.222091855 10.8745696 -0.00230677963 0.0166987821 -0.00228935724 0.999855284
1780046207.1262 0.085491615 0.225672468 11.0415182 -0.0016603951 0.0178411536 -0.00179508367 0.999837844
1780046207.45925 0.0922196654 0.227827318 11.2116122 -0.000346879924 0.0174647353 -0.00200354467 0.999845412
1780046207.79235 0.0918580454 0.227276799 11.3741577 -0.00031911647 0.0177252273 -0.0033081593 0.999837372
1780046208.12542 0.0966755693 0.229663465 11.5420142 -0.00189224318 0.0172326333 -0.00175230262 0.999848181
1780046208.45848 0.100281008 0.234624534 11.7034103 -0.00184155879 0.0175432669 -0.00183047075 0.999842734
1780046208.79158 0.105452842 0.235209303 11.8745155 -0.0022542392 0.0180282815 -0.00196345592 0.999833008
1780046209.12465 0.106075914 0.238915577 12.0390746 -0.0028327046 0.0179584849 -0.00310281851 0.999829906
1780046209.4577 0.108254037 0.242926392 12.2045763 -0.00262346088 0.0182238982 -0.0022618373 0.999827931
1780046209.79081 0.113028642 0.247071424 12.3685605 -0.0027660361 0.0175531807 -0.0012795062 0.999841286
1780046210.12388 0.117156944 0.246878726 12.5310508 -0.00203877649 0.0187161411 -0.000541271608 0.999822613
1780046210.45693 0.122097574 0.247313718 12.6972738 -0.00225062794 0.0184007993 -6.15757931e-05 0.999828156
1780046210.79004 0.125084522 0.249177079 12.8600994 -0.00268009346 0.0180447177 -0.000271046162 0.999833552
1780046211.12311 0.129769854 0.255382698 13.022784 -0.00322756483 0.0176859717 0.000732237524 0.999838113
1780046211.45617 0.130940434 0.256335942 13.1958994 -0.00411878695 0.0169690841 0.0014119826 0.999846534
1780046211.78974 0.139730266 0.261115278 13.3690963 -0.00451609456 0.0176030141 0.000465686415 0.999834747
1780046212.12333 0.138634748 0.262506812 13.5320873 -0.00404459242 0.0170656923 -0.00128148795 0.999845369
1780046212.45696 0.144006804 0.268191808 13.7042035 -0.00384109674 0.0179049736 -0.00204217656 0.999830229
1780046212.79014 0.142348565 0.27559673 13.8782235 -0.00462519134 0.0175046243 -0.00193271557 0.999834216
1780046213.1233 0.152724949 0.279749264 14.0394878 -0.00628703418 0.0178907856 0.000740109651 0.999819906
1780046213.45644 0.15685864 0.282477062 14.2039772 -0.00532085706 0.0196387798 -0.000831782426 0.999792636
1780046213.78962 0.149140711 0.277166087 14.3625535 0.00308248675 0.0169875056 -0.00712818109 0.999825541
1780046214.12278 0.159933621 0.279912563 14.5289447 0.00038905459 0.0175889595 -0.00236995552 0.999842418
1780046214.45592 0.162499749 0.28471823 14.693995 -0.000510965863 0.0174328898 -0.000726751395 0.999847641
1780046214.78988 0.159368393 0.289940178 14.8721873 -0.00534000608 0.0195324198 -0.00595844837 0.999777208
1780046215.1239 0.166254782 0.295174514 15.0276495 -0.000932032071 0.0190355241 -0.00484129417 0.999806652
1780046215.45794 0.165434593 0.295512586 15.188737 -0.00201844609 0.0195026117 -0.00561930559 0.999791977
1780046215.79104 0.172259436 0.299342354 15.36648 -0.00332089239 0.0187857964 -0.00395423006 0.999810197
1780046216.12412 0.177352427 0.306279589 15.5375555 -0.00333044067 0.0181884039 -0.00287189446 0.999824906
1780046216.45718 0.182132759 0.301372407 15.6986629 -0.00242698381 0.0194377587 -0.00426237315 0.999799038
1780046216.79073 0.188052118 0.303485907 15.868598 -0.00140268739 0.0186717411 -0.00410224316 0.999816268
1780046217.12432 0.186056557 0.307478762 16.0259076 -0.000803262941 0.0187735595 -0.00483652033 0.99981174
1780046217.45793 0.191003645 0.310158449 16.1885611 -0.0010707032 0.0181316073 -0.00370577684 0.999828168
1780046217.79111 0.19249935 0.313407595 16.3594505 -0.000225876638 0.0188641926 -0.00382642166 0.999814708
1780046218.12428 0.191717336 0.312716364 16.5186302 0.00138863131 0.0187883098 -0.00502753059 0.999809879
1780046218.45742 0.192233176 0.319102593 16.7013771 0.00111719642 0.0185873991 -0.00555278139 0.999811196
1780046218.79136 0.197404162 0.317271465 16.8542385 -6.00611038e-05 0.0184217741 -0.00544121894 0.999815497
1780046219.12537 0.201558258 0.319790584 17.0254343 -0.0014051304 0.0180783303 -0.00484723034 0.999823836
1780046219.45941 0.206173928 0.325009346 17.1921578 -0.00205062409 0.0193106622 -0.00481520926 0.999799833
1780046219.79257 0.204402425 0.319447246 17.3428759 -0.000817280137 0.0187900088 -0.00623484611 0.999803678
1780046220.12564 0.211775429 0.324980761 17.5254104 0.000124473351 0.0189392828 -0.00603215359 0.999802431
1780046220.45869 0.220884279 0.337815667 17.7083394 -0.000203316921 0.0181118103 -0.00535816189 0.99982159
1780046220.79222 0.218570121 0.329949496 17.861646 -0.000919786798 0.0184530723 -0.00470024094 0.999818256
1780046221.12581 0.226410216 0.335393354 18.0139676 0.000163738052 0.0188766182 -0.00539006898 0.999807278
1780046221.45942 0.226864377 0.336044068 18.1781216 0.000592049871 0.0185448156 -0.00576894056 0.999811211
1780046221.79305 0.230308075 0.339144776 18.3444549 -0.000220096411 0.0182902365 -0.00549433703 0.999817599
1780046222.1267 0.233173066 0.343033741 18.5176239 -0.00057094205 0.0182333891 -0.00486253603 0.999821771
1780046222.4604 0.23261569 0.351782729 18.698092 -0.00102029134 0.0187439118 -0.00570796998 0.999807503
1780046222.79368 0.239570058 0.346108172 18.8516215 -0.000323854967 0.018929195 -0.00574324248 0.999804279
1780046223.12693 0.241594378 0.350569274 19.0206753 0.000259604069 0.0189680853 -0.00588864799 0.999802715
1780046223.46016 0.243845329 0.354562942 19.1828512 0.00064279051 0.0184097899 -0.00447464617 0.999820306
1780046223.79341 0.245779473 0.350896714 19.3662409 -0.000573746902 0.017923691 -0.00356860683 0.999832825
1780046224.12666 0.250192974 0.353355277 19.5255287 0.000521027742 0.0190059362 -0.00473506575 0.999808023
1780046224.45989 0.251929416 0.356115944 19.6828139 0.00137213251 0.0182535615 -0.00609910059 0.999813846
1780046224.79314 0.25194893 0.3569721 19.8443637 0.000775304764 0.0180854749 -0.00634773656 0.999815993
1780046225.12639 0.253490652 0.356916444 20.0125183 -0.000233317397 0.0181814644 -0.00603143651 0.999816484
1780046225.45962 0.254158761 0.359912879 20.1875062 -0.00191579857 0.0190872744 -0.00593400037 0.999798376
1780046225.79287 0.262019097 0.359441686 20.3614538 -0.000619807217 0.0189763417 -0.00579546219 0.999802944
1780046226.12612 0.263021055 0.361567417 20.5070377 0.000582577928 0.0187931623 -0.00640512339 0.999802707
1780046226.45934 0.270346185 0.368197396 20.6728074 0.00052095711 0.0182972363 -0.00524941968 0.999818675
1780046226.7926 0.272565713 0.371050708 20.8446942 -0.000652377199 0.0179701859 -0.00436960595 0.999828762
1780046227.12585 0.276302629 0.369974226 21.0101775 0.00100014883 0.0192180414 -0.00362283351 0.999808252
1780046227.45908 0.282194069 0.367925722 21.1848431 0.00162891365 0.0186052064 -0.00308594424 0.999820819
1780046227.79235 0.281272734 0.369881976 21.3274217 0.0015393797 0.0188008637 -0.00394979064 0.999814261
1780046228.1256 0.285882588 0.376582954 21.4978279 -0.000658859568 0.0175977844 -0.0029696172 0.99984052
1780046228.45885 0.285650539 0.377552896 21.6595342 -0.00168306658 0.0171897216 -0.00267459854 0.999847252
1780046228.7921 0.287476028 0.379694586 21.8263392 -0.000788269752 0.0176375654 -0.00385063054 0.99983672
1780046229.12535 0.293904077 0.380932439 21.9977569 -7.73487826e-05 0.018200258 -0.00401798215 0.999826285
1780046229.45858 0.297255892 0.382233356 22.1484442 -3.08278589e-05 0.0178956772 -0.00365837389 0.999833166
1780046229.79184 0.298484405 0.383840859 22.3143807 -0.00038742966 0.017406223 -0.00349939154 0.999842301
1780046230.12508 0.302766984 0.384421999 22.4766051 0.00112239963 0.0181642414 -0.00330008328 0.99982894
1780046230.45831 0.304303217 0.387362262 22.6401333 0.000683720609 0.0181139219 -0.00382170882 0.999828392
1780046230.79199 0.306631465 0.388138992 22.7905879 0.000278403945 0.0181714645 -0.00409441469 0.999826463
1780046231.12575 0.308897739 0.391552675 22.9421208 5.49793079e-05 0.0180999321 -0.00374428138 0.99982917
1780046231.45955 0.312255497 0.395412296 23.0927512 -0.000953314174 0.0174996724 -0.00246153933 0.999843384
1780046231.79291 0.314761798 0.398272274 23.2406264 -0.00173447289 0.01835658 -0.00295716704 0.999825626
1780046232.12624 0.320019742 0.398533963 23.3938346 -0.00143903864 0.018049018 -0.00269014002 0.999832449
1780046232.45957 0.321052405 0.400088976 23.5443821 -0.000597773638 0.0179087068 -0.0036385508 0.999832827
1780046232.7929 0.324087679 0.40229659 23.6903128 0.000332323039 0.0179508307 -0.00332062558 0.999833301
1780046233.12623 0.326219344 0.405145403 23.8390263 -0.00102053079 0.0174638333 -0.00253062271 0.999843772
1780046233.45955 0.330215702 0.407538893 23.9757037 -0.00214450524 0.0179931025 -0.0024786867 0.999832739
1780046233.79289 0.331420776 0.410551547 24.1129245 -0.00259374983 0.0183618079 -0.0031840001 0.999822974
1780046234.12622 0.334857641 0.41282854 24.2442853 -0.00364962591 0.0179619285 -0.00321226908 0.99982685
1780046234.45954 0.334175216 0.411232194 24.37701 -0.00143175697 0.0183114016 -0.00462011691 0.999820632
1780046234.794 0.328256473 0.418197101 24.5379606 0.000573773037 0.0168960111 -0.00415292513 0.999848463
1780046235.12869 0.330175709 0.414537512 24.6912412 0.000153616652 0.0170788539 -0.00413799013 0.999845571
1780046235.46347 0.32794256 0.431126844 24.8760633 -0.00401739136 0.0187824154 -0.00536949355 0.999801105
1780046235.79695 0.342371442 0.428555253 25.0485404 -0.00472641944 0.0189167336 -0.00493977132 0.999797688
1780046236.13028 0.338290941 0.433460569 25.2207596 -0.00504929475 0.0185982027 -0.00456344077 0.999803874
1780046236.46361 0.34620425 0.433904782 25.3720786 -0.00445036408 0.0167617363 -0.00275962016 0.9998458
1780046236.79694 0.350175975 0.43877034 25.5337641 -0.00409039345 0.0180523939 -0.00303474832 0.99982407
1780046237.13027 0.350748136 0.443423067 25.7180273 -0.00127211302 0.0186314667 -0.0012224427 0.999824863
1780046237.46359 0.352959223 0.442900184 25.8816735 -0.00156224648 0.0175815697 -0.00404142488 0.999836044
1780046237.79693 0.359940862 0.444634608 26.0444823 -0.000949481328 0.018326749 -0.00200068892 0.999829598
1780046238.13027 0.356666364 0.451397279 26.2162517 -0.00414997662 0.0164178688 -0.00316456373 0.999851597
1780046238.4636 0.362933728 0.454521718 26.3786962 -0.00579649521 0.0173000868 -0.00251184088 0.999830385
1780046238.79693 0.363428411 0.456515619 26.5429371 -0.00424390921 0.016599058 -0.00326261419 0.999847896
1780046239.13026 0.365880364 0.458760337 26.6975661 -0.00288033328 0.0169213629 -0.00405387773 0.999844457
1780046239.46358 0.370893877 0.462136342 26.8612838 -0.00365328221 0.016870022 -0.00319619531 0.999845908
1780046239.79692 0.373860987 0.464938947 27.0238323 -0.00439291185 0.0175494111 -0.00357627161 0.999829951
1780046240.13025 0.37310215 0.470621492 27.194366 -0.00337106197 0.0180729972 -0.00456504545 0.999820565
1780046240.46358 0.374709444 0.470841985 27.3619692 -0.00315229746 0.0179570737 -0.00558743625 0.999818177
1780046240.79691 0.38014842 0.472454575 27.5212626 -0.00184231864 0.0172633496 -0.00486120793 0.999837462
1780046241.13024 0.386470311 0.478506186 27.692871 -0.00273722755 0.0169481645 -0.00285605805 0.999848544
1780046241.46356 0.388829765 0.478058042 27.8501732 -0.000297745654 0.0181461734 -0.00336187125 0.999829648
1780046241.7969 0.389156291 0.476984524 28.0097283 0.00170354148 0.0175304176 -0.00387563754 0.999837368
1780046242.13023 0.393602866 0.484624711 28.1834177 -1.10672106e-05 0.0179490978 -0.00330401006 0.999833443
1780046242.46355 0.394123422 0.485784388 28.3534694 -0.00341273781 0.0178499325 -0.00337819712 0.999829146
1780046242.79689 0.399479594 0.492662738 28.5133893 -0.00392532468 0.0174382815 -0.00244954815 0.999837236
1780046243.13024 0.403005322 0.498210235 28.683424 -0.00368814929 0.0179561175 -0.00279222279 0.999828075
1780046243.46357 0.404337425 0.504344672 28.8543542 -0.0048591818 0.0181180048 -0.00306868032 0.999819338
1780046243.79692 0.402675553 0.510014492 29.0210526 -0.00595214307 0.0185830393 -0.00311728705 0.999804744
1780046244.13027 0.408077454 0.514186301 29.1811162 -0.00634864599 0.0177158973 -0.00238564124 0.999820059
1780046244.46361 0.418178128 0.521713864 29.3677237 -0.00531744098 0.0188711916 -0.00231455579 0.999805104
1780046244.79696 0.42080133 0.513572437 29.5268953 -0.00498631957 0.0181452372 -0.00196997327 0.999820987
1780046245.13031 0.422511239 0.518497862 29.6919786 -0.00385015281 0.0183906513 -0.00304406215 0.999818831
1780046245.46365 0.423656054 0.518880782 29.8497253 -0.00239413207 0.017984564 -0.00233937202 0.999832661
1780046245.79698 0.430077587 0.523529488 30.0121855 -0.00277413972 0.0173916095 -0.00192693834 0.999843049
1780046246.13031 0.431574768 0.526123744 30.1798926 -0.00340263192 0.0185268473 -0.0018585183 0.999820846
1780046246.46363 0.42854239 0.534558864 30.358061 -0.00402783217 0.018971384 -0.00311380833 0.999807065
1780046246.79765 0.43069876 0.537058752 30.5331385 -0.00479247625 0.0184049902 -0.00362882942 0.999812542
1780046247.13182 0.43259648 0.541786534 30.6982001 -0.00494186816 0.0182859386 -0.00296230269 0.999816197
1780046247.46603 0.439259507 0.543739259 30.8620036 -0.00498947535 0.018509171 -0.0020669029 0.999814105
1780046247.79941 0.444092211 0.550227639 31.0301301 -0.00459451714 0.0187810672 -0.00279313817 0.999809162
1780046248.13266 0.444347312 0.550556476 31.1940386 -0.00482474415 0.0190439326 -0.00400504171 0.999798985
1780046248.46588 0.445955297 0.55438775 31.3625979 -0.00400020623 0.0186849139 -0.00336448138 0.999811759
1780046248.79913 0.454805263 0.560194635 31.5320383 -0.00319413332 0.0187971557 -0.000985790348 0.99981773
1780046249.13238 0.456388298 0.561114307 31.6905959 -0.00195939378 0.0201673148 -0.0012894017 0.999793868
1780046249.46561 0.462905649 0.565012081 31.8598539 -0.00226270298 0.0187059527 -0.000794027303 0.999822153
1780046249.79886 0.462319094 0.571802086 32.0295556 -0.00423097445 0.0183018601 -0.00206123207 0.99982143
1780046250.1321 0.467013962 0.571795896 32.1902811 -0.00441785747 0.0180001919 -0.0010660554 0.999827655
1780046250.46533 0.464429503 0.575419232 32.3548446 -0.00445937277 0.0180014979 -0.00105124445 0.999827463
1780046250.79897 0.469881969 0.575162962 32.5259648 -0.00277890877 0.0188745799 -0.0033553602 0.999812367
1780046251.13271 0.474090912 0.58299319 32.6932096 -0.00206045658 0.0187721906 -0.00412994545 0.999813134
1780046251.4665 0.476905817 0.582525336 32.8518301 0.000269758267 0.0183084698 -0.00470372214 0.999821285
1780046251.7999 0.478563586 0.586198966 33.0191014 0.000575978135 0.0174255867 -0.00521122369 0.999834416
1780046252.13322 0.481749441 0.588780011 33.1804353 0.000378872928 0.0183794342 -0.00528865489 0.999817025
1780046252.46655 0.484594573 0.589301845 33.3541862 -0.000345682135 0.0188868466 -0.00686571222 0.999797994
1780046252.80054 0.487380152 0.59221082 33.5207964 0.000909179971 0.0191158982 -0.00732577098 0.999790022
1780046253.13471 0.491513335 0.596547476 33.6857219 -0.00165940248 0.0188894682 -0.00609134233 0.999801645
1780046253.46891 0.498063336 0.604108795 33.8622184 -0.00320596946 0.0182271529 -0.00481899183 0.999817118
1780046253.80298 0.500630879 0.605236645 34.0230989 -0.00264383385 0.0193491863 -0.00478229868 0.999797854
1780046254.13706 0.503020705 0.609927974 34.1665667 -0.00035533804 0.0183518393 -0.00503668917 0.999818841
1780046254.47118 0.502806681 0.607317214 34.3371644 0.00110064108 0.0185042558 -0.0053202389 0.999814021
1780046254.80454 0.505993806 0.608097983 34.5009096 0.00108722072 0.018288957 -0.00434949848 0.999822691
1780046255.1377 0.508644459 0.610623716 34.6665255 0.00108111008 0.0190302122 -0.00433620716 0.999808922
1780046255.47084 0.51156119 0.609345477 34.8191372 0.00244789708 0.0192813828 -0.00455250227 0.999800736
1780046255.80401 0.51637892 0.620604883 35.0058877 0.00200391106 0.0194005397 -0.0054917497 0.999794701
1780046256.13717 0.526401634 0.624232993 35.1419062 0.000631165275 0.0190064234 -0.0035440008 0.999812881
1780046256.47031 0.51875135 0.614714396 35.3279986 -0.00154301402 0.0189444941 -0.00324938324 0.999814066
1780046256.80348 0.524577845 0.621257686 35.4858075 -0.00294311926 0.0199380218 -0.00268005225 0.999793294
1780046257.13664 0.526258799 0.6252562 35.6522905 -0.00327286539 0.0193644853 -0.00283093767 0.999803126
1780046257.46978 0.531495388 0.626921574 35.8170927 -0.00259438096 0.019349808 -0.00161134619 0.99980811
1780046257.80295 0.536664016 0.630865615 35.9809001 -0.00148108516 0.0191568004 -0.000563370657 0.999815236
1780046258.13611 0.550056323 0.641768516 36.1567498 -0.00165581384 0.0183491742 0.00168159653 0.999828855
1780046258.46925 0.553261081 0.636399674 36.3062441 -0.00282351392 0.0197200802 0.00165090187 0.99980019
1780046258.80242 0.557129343 0.642661739 36.477854 -0.00761425471 0.0196541956 0.0035496339 0.999771542
1780046259.13559 0.565141165 0.649529637 36.6449598 -0.0112888999 0.0197663689 0.00622777023 0.999721494
1780046259.46874 0.568870896 0.651152422 36.8030706 -0.00623097974 0.0188711622 0.00728977189 0.999775932
1780046259.80191 0.573877842 0.647120753 36.9563951 -0.000545534004 0.0188305989 0.00887451476 0.999783153
1780046260.13509 0.575357242 0.644918761 37.1135951 0.00290294753 0.018390007 0.00743719654 0.999799014
1780046260.46824 0.573255308 0.638495369 37.2603523 0.00551381011 0.0184207349 0.0057779934 0.999798424
1780046260.80143 0.576071659 0.632614873 37.4311504 0.00798726048 0.0181236621 0.00586980124 0.999786618
1780046261.13462 0.586119182 0.669741822 37.5654263 0.00838664956 0.0171773547 0.00554355868 0.999801916
1780046261.46779 0.580475854 0.662491252 37.7668553 0.00613734161 0.0173974123 0.000970809718 0.999829346
1780046261.80097 0.579001214 0.661135809 37.9308298 0.00419469819 0.0163736248 -0.000953038509 0.99985669
1780046262.13413 0.578423466 0.660515183 38.0915438 0.00271795736 0.0169235242 -0.00395292668 0.999845279
1780046262.46728 0.57969665 0.662609262 38.2565055 7.88123604e-05 0.0163733912 -0.00448389867 0.99985589
1780046262.80081 0.582617311 0.661895867 38.4212723 -0.00204842393 0.0170371269 -0.00465985842 0.9998419
1780046263.13447 0.585946437 0.664368358 38.597899 -0.00115165598 0.0172153007 -0.0051280945 0.999837992
1780046263.46817 0.58688933 0.667011369 38.7615659 0.000186895004 0.0171104636 -0.00563347618 0.999837717
1780046263.80151 0.59169328 0.669802275 38.9269488 -0.00138773515 0.0172602887 -0.00480298407 0.999838531
1780046264.13476 0.593739402 0.678898764 39.0989386 -0.00490237206 0.0164195653 -0.00433890181 0.999843757
1780046264.468 0.600264193 0.679206498 39.2639544 -0.00473982602 0.0174464484 -0.00348968509 0.999830474
1780046264.80125 0.603185392 0.679647689 39.4357836 -0.00284234144 0.0169416727 -0.00351677963 0.999846255
1780046265.1345 0.603161355 0.683321113 39.5985483 -0.00209041338 0.0170873182 -0.00375037318 0.999844782
1780046265.46773 0.607207622 0.685557048 39.7671165 -0.00224796026 0.0165481779 -0.00288637949 0.999856376
1780046265.8016 0.614465227 0.686260094 39.9261329 -0.0014754084 0.0162190517 -0.00126936774 0.999866568
1780046266.13568 0.611718261 0.685358711 40.080359 -0.00139215331 0.0174049684 -0.00275920452 0.999843746
1780046266.46981 0.623046996 0.685758764 40.2280146 -0.00182098678 0.0169111159 -0.00222327426 0.999852867
1780046266.80321 0.626409697 0.688446046 40.4104655 -0.00362695986 0.0166283714 -0.0013479968 0.999854252
1780046267.13637 0.6223728 0.699550784 40.5942555 -0.0042190696 0.0160570729 -0.000889230252 0.99986178
1780046267.46951 0.624113705 0.702324805 40.7577965 -0.00481087614 0.0160687029 -0.000996503227 0.99985882
1780046267.80268 0.62492454 0.706468848 40.9264929 -0.00497153641 0.0161258816 -0.00212653597 0.999855348
1780046268.13585 0.629085091 0.709907403 41.0920556 -0.00371095853 0.0168403626 -0.00280467498 0.999847371
1780046268.46899 0.629229348 0.710468959 41.2525735 -0.0027515609 0.0171697997 -0.00266118837 0.999845261
1780046268.80251 0.645671278 0.701087161 41.3935452 -0.00327090744 0.0163258891 -0.00135832512 0.999860451
1780046269.13617 0.642257441 0.709403605 41.5808795 -0.00137457168 0.0172776756 -0.00183389897 0.999848103
1780046269.46986 0.641977835 0.711025567 41.7449719 -0.00161593367 0.016642911 -0.00276948571 0.999856356
1780046269.80357 0.644287174 0.712458494 41.9104636 -0.00138823391 0.0168754075 -0.00283256685 0.999852624
1780046270.13732 0.649479744 0.71661532 42.0778714 -0.00156204855 0.0160568471 -0.00197841649 0.999867903
1780046270.47111 0.64828684 0.720427181 42.2419238 -0.00192710483 0.0160927489 -0.00282047268 0.999864668
1780046270.80454 0.653036382 0.718795125 42.4101514 -0.00192201767 0.0162944793 -0.00323076452 0.999860169
1780046271.13787 0.65162936 0.723688091 42.5920528 -0.00116295236 0.0162510228 -0.00411628484 0.999858794
1780046271.4712 0.653448696 0.725077154 42.7560095 -0.00132963171 0.0166086756 -0.00504355963 0.999848462
1780046271.80453 0.655150768 0.728159263 42.9208944 -0.00146580681 0.0152159503 -0.00430617832 0.999873884
1780046272.13786 0.647587308 0.724494901 43.0863576 0.000555761125 0.00427932837 -0.00470689229 0.999979612
1780046272.47119 0.615133598 0.725730275 43.2630084 0.00249596989 -0.0291186014 -0.00225754361 0.999570298
1780046272.80452 0.567455409 0.7282337 43.4310775 0.00254837973 -0.0668546031 -0.00225115306 0.997756934
1780046273.13785 0.497315454 0.732308868 43.6056184 0.00336986783 -0.116491308 0.00131656144 0.993185122
1780046273.47117 0.41183879 0.733315599 43.7756736 0.00186591231 -0.165578086 0.00289331942 0.986190674
1780046273.8051 0.302718663 0.738383553 43.9204345 0.00433515311 -0.213484158 0.00264397725 0.976933329
1780046274.13927 0.182255472 0.732343205 44.086986 0.00367518894 -0.256047257 0.00198550264 0.96665524
1780046274.47348 0.0685745117 0.734335851 44.2207402 0.00515502025 -0.287364907 0.00300451027 0.957802594
1780046274.80699 -0.0336829656 0.735412771 44.3484899 0.00412636577 -0.300768872 0.002900124 0.953683725
1780046275.14024 -0.132064352 0.733246485 44.4816392 0.00300218482 -0.29978959 0.00137512472 0.953999632
1780046275.47347 -0.229408959 0.734808073 44.6115458 0.00328525545 -0.300993531 0.00160557145 0.953619171
1780046275.80673 -0.336374811 0.737144896 44.7407585 0.00222556841 -0.315898293 0.00261808529 0.948786836
1780046276.13997 -0.463015837 0.737387342 44.8661848 0.00203097596 -0.340096776 0.00369306238 0.940380997
1780046276.47321 -0.590679483 0.740203913 44.9869518 0.00327669009 -0.356207795 0.00381292617 0.934393243
1780046276.80646 -0.716706167 0.737719511 45.0996347 0.00428879886 -0.371106986 0.00346459705 0.928573749
1780046277.13972 -0.84492134 0.735660606 45.2098803 0.00650716227 -0.384638717 0.0044758708 0.923033413
1780046277.47296 -0.981203145 0.73603784 45.3184555 0.0075126902 -0.398740597 0.00472963842 0.917020788
1780046277.80622 -1.11792693 0.737058369 45.4222928 0.00738601823 -0.411518306 0.00453909336 0.911360262
1780046278.13947 -1.25509719 0.732196244 45.519104 0.00852154333 -0.426090228 0.00465398545 0.904628565
1780046278.4727 -1.39927324 0.734996104 45.6203666 0.00776951174 -0.436359008 0.00428241197 0.89972891
1780046278.80652 -1.53159545 0.731904602 45.7107731 0.00928685621 -0.444541467 0.00479748962 0.895697283
1780046279.1406 -1.67668148 0.7303278 45.8032883 0.0103092961 -0.452647495 0.00390497695 0.891621397
1780046279.47473 -1.81647577 0.727269104 45.8879067 0.00982233122 -0.460888437 0.00307006355 0.887398414
1780046279.80819 -1.95903536 0.729482616 45.9744566 0.00865566173 -0.469916279 0.00238326374 0.882665333
1780046280.14136 -2.10656875 0.727948264 46.0575067 0.0085801686 -0.476934419 0.00128173212 0.878896068
1780046280.47451 -2.25647778 0.729993967 46.1403542 0.0080470957 -0.48494458 0.00186555091 0.874505871
1780046280.80768 -2.40273899 0.732254482 46.2221863 0.00559058252 -0.492489473 0.00250262972 0.870296847
1780046281.14085 -2.55145747 0.731675758 46.2960468 0.00567770122 -0.500636115 0.00225254917 0.865636281
1780046281.47399 -2.70663001 0.736075709 46.3723134 0.00352353839 -0.509722641 0.00189753274 0.860329479
1780046281.80748 -2.85307857 0.734247815 46.44243 0.00417124224 -0.517968303 0.00527677833 0.855373365
1780046282.14113 -3.00587609 0.736742495 46.5119243 0.00398709418 -0.525598302 0.00683039254 0.850696111
1780046282.47483 -3.15355256 0.730649126 46.5715658 0.00666619415 -0.533592157 0.00719549732 0.845685046
1780046282.80822 -3.30677113 0.732011151 46.6307828 0.00745321509 -0.542506611 0.00931899696 0.839966775
1780046283.14147 -3.4670804 0.731051891 46.6931766 0.00578339853 -0.550387806 0.0096757743 0.834833034
1780046283.4747 -3.6238208 0.732457572 46.750868 0.00551746906 -0.555873764 0.00944722 0.831194722
1780046283.80796 -3.77362782 0.728966123 46.8091225 0.00576770043 -0.556252721 0.00940386328 0.830939956
1780046284.1412 -3.92117037 0.726969974 46.8699667 0.00627382794 -0.557132689 0.00976821973 0.830342332
1780046284.47444 -4.08193703 0.728567146 46.927196 0.00569690071 -0.55743461 0.00839196308 0.830158886
1780046284.80769 -4.23098463 0.727739996 46.9881273 0.00521578977 -0.557539271 0.00870039107 0.830088585
1780046285.14094 -4.38321123 0.727365503 47.0435469 0.00492902527 -0.557285537 0.00792495245 0.830268469
1780046285.47417 -4.53056195 0.724414883 47.1053571 0.00564680212 -0.557255641 0.00748998187 0.830288001
1780046285.80742 -4.6849775 0.72423073 47.1613641 0.00665130739 -0.55734463 0.00806742171 0.830215418
1780046286.14067 -4.83845671 0.725358859 47.2196441 0.00646252863 -0.557674252 0.00707399965 0.830004592
1780046286.47391 -4.98462661 0.720947762 47.2806693 0.00408191072 -0.558346629 0.00544352319 0.829579863
1780046286.80716 -5.1353819 0.723322402 47.3410991 0.00331843541 -0.558444988 0.00501667265 0.82951975
1780046287.14041 -5.28931864 0.722314582 47.396358 0.00545292799 -0.558450311 0.00439136902 0.829508428
1780046287.47364 -5.44140097 0.722031025 47.4515984 0.00701075729 -0.558302247 0.00429226643 0.829596907
1780046287.80689 -5.58253244 0.716836098 47.5150592 0.00695913045 -0.557917602 0.00568319416 0.82984771
1780046288.14014 -5.73372335 0.718204048 47.5737548 0.00713216347 -0.557915908 0.00641624217 0.829842036
1780046288.47338 -5.87751305 0.714137319 47.6334177 0.00676207141 -0.557446384 0.00668243475 0.830158508
1780046288.80663 -6.03812793 0.71844966 47.6901037 0.00630756457 -0.558285744 0.00633480183 0.829600574
1780046289.13987 -6.19393723 0.715591942 47.7414162 0.00613089056 -0.568357984 0.007098985 0.822727913
1780046289.47311 -6.35542125 0.713031118 47.7865339 0.00545233354 -0.579016507 0.00729980567 0.815264907
1780046289.80668 -6.52033104 0.713803947 47.8273696 0.00536882288 -0.590373275 0.00697569763 0.807082345
1780046290.14043 -6.68236601 0.712150383 47.8625516 0.00573102951 -0.601426826 0.00671706979 0.798879096
1780046290.47422 -6.85066832 0.713759003 47.8946965 0.00403348881 -0.612577386 0.00524354709 0.790382934
1780046290.8077 -7.01986764 0.716117938 47.9194854 0.00299067314 -0.621673312 0.00409052801 0.783260248
1780046291.14104 -7.17611869 0.719245547 47.9560853 0.00108538147 -0.6217467 0.00458526164 0.783204212
1780046291.47437 -7.33807057 0.721279471 47.9889336 0.00159287183 -0.622048875 0.00327789193 0.782969933
1780046291.80772 -7.48627024 0.716266423 48.0216139 0.00325005251 -0.622565497 0.00396459676 0.782550907
1780046292.14106 -7.65014483 0.721606181 48.0549953 0.00423153521 -0.622959071 0.00454360433 0.782229791
1780046292.4744 -7.80684252 0.720220207 48.0882346 0.00464711171 -0.622861748 0.00534029543 0.782299897
1780046292.80774 -7.92317539 0.727721556 48.1375104 0.00571080222 -0.622771583 0.00672606967 0.782353949
1780046293.14109 -8.08435613 0.707401616 48.162914 0.00730529704 -0.62253428 0.00635608372 0.782532621
1780046293.47444 -8.2535684 0.711264928 48.1906171 0.00769237719 -0.622776754 0.00687689306 0.782331548
1780046293.80777 -8.4094885 0.710731411 48.222678 0.00770701646 -0.623072553 0.00652864902 0.782098825
1780046294.1411 -8.53220472 0.7266134 48.2779584 0.00726987669 -0.623331115 0.0065235163 0.781896997
1780046294.47442 -8.7163359 0.705455433 48.2944324 0.00722817916 -0.622953212 0.00638520748 0.782199641
1780046294.80806 -8.87063965 0.70415611 48.3229356 0.00800143377 -0.62288413 0.00652612831 0.782245963
1780046295.14189 -9.04098133 0.713377418 48.3508472 0.00706571549 -0.623006761 0.00578160927 0.78216317
1780046295.47576 -9.18691816 0.707857117 48.3916779 0.00641301125 -0.623691258 0.0065690525 0.781616872
1780046295.80931 -9.34906167 0.70699876 48.4252806 0.00607096923 -0.623476345 0.00616813706 0.781794311
1780046296.14273 -9.50836015 0.710483107 48.4530724 0.00567958396 -0.622881919 0.0041117883 0.782284443
1780046296.47614 -9.67030847 0.711452896 48.4876943 0.0043966468 -0.623273147 0.00323539656 0.781985157
1780046296.80955 -9.83432051 0.713262169 48.5184137 0.00419323837 -0.623328089 0.0031620783 0.78194278
1780046297.14297 -9.98728586 0.714434964 48.5533923 0.00444590982 -0.623588935 0.0041991271 0.781728496
1780046297.47638 -10.1442262 0.711845802 48.5876445 0.00407180308 -0.623233369 0.00533724641 0.782007098
1780046297.80979 -10.2899362 0.708507724 48.6186267 0.00668401973 -0.623378166 0.00610443994 0.781868098
1780046298.14321 -10.4513229 0.712373164 48.6482184 0.00704673876 -0.623855346 0.00534550474 0.78148978
1780046298.47662 -10.6102213 0.713425271 48.6821017 0.00672217 -0.624341719 0.00453657677 0.781109243
1780046298.81005 -10.7757713 0.711774958 48.7142525 0.0061675681 -0.624368695 0.00329299492 0.781098489
1780046299.14348 -10.9144901 0.710947226 48.7544022 0.00410309441 -0.623478425 0.00252715153 0.781825704
1780046299.47691 -11.0877674 0.712077773 48.7786178 0.00587452267 -0.623056824 0.00219599831 0.782151432
1780046299.81032 -11.2458747 0.71090847 48.8141376 0.00690226135 -0.623494147 0.0049357753 0.781781968
1780046300.14373 -11.3932141 0.709267094 48.8486983 0.00670024748 -0.62365342 0.00670006973 0.781643543
1780046300.47714 -11.5513708 0.708888556 48.8843914 0.0056959288 -0.624176559 0.0068891749 0.78123218
1780046300.81055 -11.7087356 0.709033654 48.9152748 0.00821737745 -0.623282457 0.00870570489 0.78190515
1780046301.14396 -11.8666922 0.70702646 48.9443684 0.00874105501 -0.624196225 0.00790805598 0.781178679
1780046301.47737 -12.0262856 0.704083752 48.9800731 0.00728354982 -0.624817405 0.00807917458 0.780695131
1780046301.81078 -12.1928767 0.703462566 49.0140864 0.00643880605 -0.624360839 0.00774705343 0.781071103
1780046302.14418 -12.3415514 0.701665383 49.0435944 0.00791421599 -0.624220538 0.00797585573 0.781167377
1780046302.47759 -12.5013656 0.698996229 49.0746352 0.00914298637 -0.624692657 0.00732123815 0.78078287
1780046302.811 -12.6535493 0.700178024 49.1073624 0.00870632027 -0.624861528 0.00697599635 0.780655882
1780046303.14441 -12.8103745 0.699390483 49.1418361 0.00643824215 -0.624844127 0.00620899818 0.780698287
1780046303.47781 -12.9724038 0.700174427 49.1761152 0.00613013289 -0.623951674 0.00701178932 0.781407426
1780046303.81122 -13.1328061 0.696457501 49.211075 0.00711968616 -0.624372967 0.00722268262 0.781060524
1780046304.14463 -13.2886232 0.695998729 49.235851 0.00732706809 -0.627567831 0.0069829499 0.778496095
1780046304.47804 -13.4556772 0.696583024 49.2605146 0.00765443224 -0.634175796 0.00762658514 0.773113384
1780046304.81144 -13.6205386 0.695562237 49.2909239 0.0063822096 -0.634505903 0.0070924797 0.772859122
1780046305.14485 -13.7795756 0.692170809 49.3123077 0.0061903813 -0.64144868 0.00714884443 0.767107661
1780046305.47826 -13.9461631 0.689670554 49.3235627 0.00857941801 -0.65025812 0.0073742188 0.759629115
1780046305.81167 -14.1050719 0.68859335 49.3491573 0.0078562559 -0.651408338 0.00804914842 0.758643966
1780046306.14508 -14.270857 0.688833736 49.3567742 0.00831465385 -0.66221807 0.00848327181 0.74921701
1780046306.47849 -14.4344836 0.686603242 49.3710132 0.0087198783 -0.665113741 0.00981199331 0.74662668
1780046306.8119 -14.5962767 0.685341641 49.3800715 0.00925517076 -0.671094933 0.009552571 0.741252104
1780046307.14532 -14.7578405 0.681332195 49.3915311 0.0102584992 -0.671527407 0.00923068524 0.740851199
1780046307.47873 -14.9263667 0.679862749 49.4052922 0.00942337383 -0.671245967 0.0092491268 0.741117066
1780046307.81267 -15.079409 0.681419416 49.4221966 0.00820518818 -0.671472486 0.0107746155 0.740905718
1780046308.14693 -15.2401783 0.676909198 49.4361765 0.00849518143 -0.670806498 0.0114422865 0.74149548
1780046308.48123 -15.4071648 0.676846436 49.4463892 0.00871146106 -0.670976666 0.0108901157 0.741347307
1780046308.8149 -15.5668611 0.674699261 49.4593675 0.00719347013 -0.671999954 0.00925624466 0.740458397
1780046309.14824 -15.7319404 0.67508824 49.4719146 0.00660929627 -0.671916531 0.00974781312 0.740533235
1780046309.48157 -15.8896975 0.671476348 49.4871954 0.00697607218 -0.671721135 0.0103189627 0.740699379
1780046309.81491 -16.0514502 0.670476718 49.4979248 0.0089933185 -0.672324262 0.0106537488 0.740125466
1780046310.14824 -16.2100203 0.664597318 49.5106219 0.0105754648 -0.672111512 0.0115646255 0.74028409
1780046310.48156 -16.3609476 0.662525104 49.5209522 0.0118090607 -0.672203165 0.0107163858 0.740194982
1780046310.81489 -16.5259935 0.66476046 49.5388762 0.00784641043 -0.672165131 0.0104907231 0.740285361
1780046311.14822 -16.6859799 0.663143136 49.5518897 0.00737799377 -0.671673274 0.0107476304 0.74073279
1780046311.48154 -16.843304 0.658612885 49.5634415 0.00944695305 -0.671425614 0.0111913697 0.740927226
1780046311.81487 -17.0006307 0.653468964 49.5735463 0.0112831263 -0.671399022 0.0120737914 0.740911782
1780046312.1482 -17.1504572 0.651862146 49.5873841 0.00981986995 -0.672045187 0.011459641 0.740356342
1780046312.48152 -17.3112703 0.646330232 49.6057075 0.00857034964 -0.672408983 0.0119434903 0.740033825
1780046312.81485 -17.4700887 0.64631208 49.6157085 0.0101191078 -0.671144373 0.0126004142 0.7411505
1780046313.14818 -17.6221085 0.646368323 49.630211 0.010637532 -0.671127607 0.0148336 0.741117091
1780046313.48151 -17.7748057 0.639627278 49.6440606 0.0107268389 -0.671592241 0.0138756699 0.740713347
1780046313.81535 -17.9220734 0.636777677 49.6654818 0.00988200728 -0.672479741 0.0141011584 0.739915199
1780046314.14951 -18.0937149 0.645221535 49.6659551 0.00900123941 -0.672053534 0.0128363268 0.740336582
1780046314.48372 -18.2534232 0.639956013 49.6811807 0.00929917318 -0.671913381 0.013175208 0.74045415
1780046314.81734 -18.4082163 0.63311109 49.6966115 0.00842469412 -0.672191694 0.0131313818 0.740212752
1780046315.1506 -18.56803 0.634999186 49.7077741 0.0102906108 -0.672226313 0.0133367495 0.740154051
1780046315.48386 -18.7362778 0.631372957 49.7220164 0.00907046651 -0.672637928 0.0132168387 0.739798121
1780046315.81711 -18.8880253 0.626789719 49.7358374 0.00943161912 -0.672119089 0.013310135 0.740263341
1780046316.15036 -19.0409765 0.621818962 49.7484967 0.00950650512 -0.672303338 0.012674579 0.74010621
1780046316.4836 -19.2009814 0.620277046 49.7618098 0.00957922868 -0.67238117 0.0127909344 0.740032562
1780046316.81685 -19.3702472 0.617878487 49.7739955 0.00913715426 -0.672028374 0.0134584485 0.740346707
1780046317.1501 -19.5235286 0.617818122 49.7870532 0.00823097313 -0.67213268 0.0136212548 0.740259666
1780046317.48335 -19.683946 0.614381867 49.8019664 0.00834190464 -0.671778876 0.0135316576 0.740581156
1780046317.8166 -19.8379884 0.606610784 49.81654 0.00849801522 -0.671776163 0.0129672341 0.74059194
1780046318.14984 -19.9989533 0.609283759 49.8314199 0.00712055466 -0.67202135 0.0121899382 0.740397196
1780046318.48308 -20.1734553 0.61105993 49.8440764 0.005755347 -0.672410178 0.0125739479 0.740049542
1780046318.81633 -20.320737 0.602368991 49.861196 0.00645543067 -0.672037228 0.0136796099 0.740362857
1780046319.14958 -20.4748166 0.602507369 49.8707831 0.00761578157 -0.671828214 0.0139947948 0.740535614
1780046319.48281 -20.6314557 0.595932498 49.8833353 0.00906345364 -0.671842281 0.0144340869 0.740498116
1780046319.81606 -20.795951 0.595782851 49.9005289 0.00761879324 -0.672607259 0.0145973364 0.739816427
1780046320.14931 -20.9493593 0.590841849 49.915024 0.00646313752 -0.672564209 0.0137349684 0.739883074
1780046320.48255 -21.1048891 0.578896851 49.9326281 0.00621405771 -0.672005549 0.013747669 0.740392415
1780046320.8158 -21.2732331 0.593230816 49.9379714 0.00692463737 -0.671721589 0.0146164704 0.740627109
1780046321.14905 -21.4347778 0.589470228 49.9513771 0.00719266286 -0.672000971 0.0142579473 0.74037806
1780046321.48228 -21.5981399 0.58781853 49.9665558 0.00581018164 -0.672419778 0.0144728095 0.740005691
1780046321.81553 -21.7548553 0.587850411 49.9791654 0.00497301892 -0.671986637 0.0141725347 0.740410945
1780046322.14878 -21.911831 0.58559293 49.9917043 0.00611063894 -0.671737042 0.0145232273 0.740622092
1780046322.48201 -22.0767264 0.581166391 50.0022358 0.007080764 -0.672083513 0.0140776371 0.740307662
1780046322.81526 -22.236686 0.582947569 50.0142929 0.00607255343 -0.672134818 0.0137125007 0.740276893
1780046323.14851 -22.3966928 0.577211721 50.0299579 0.00581627604 -0.672249511 0.0142682981 0.740164294
1780046323.48175 -22.5640922 0.577722683 50.0456867 0.00563908049 -0.672046964 0.0141097452 0.740352614
1780046323.81527 -22.7150175 0.572753209 50.0537239 0.00604313336 -0.671673338 0.0131958288 0.740705257
1780046324.14901 -22.8801073 0.570473745 50.0680928 0.00641375496 -0.671972069 0.0136626184 0.740422673
1780046324.48279 -23.0377703 0.566036827 50.0815493 0.00568511528 -0.672143856 0.0131366683 0.740282205
1780046324.8163 -23.19117 0.564563388 50.0981698 0.00362631385 -0.672324345 0.0132035646 0.74013005
1780046325.14963 -23.3534053 0.562662955 50.1107493 0.00402216495 -0.672002682 0.0130753954 0.740422347
1780046325.48296 -23.5104967 0.557251069 50.1235967 0.0056681402 -0.671888177 0.0140264718 0.740498081
1780046325.81629 -23.6724919 0.555225832 50.1361947 0.00603162518 -0.67214974 0.0144871511 0.740248924
1780046326.14962 -23.8439322 0.558694067 50.1502796 0.00390575707 -0.672585357 0.013176993 0.739891917
1780046326.48294 -24.0011771 0.558074562 50.1632085 0.00201633101 -0.672768905 0.0123667712 0.739746577
1780046326.81628 -24.1625009 0.555214919 50.1728493 0.00318852576 -0.671913966 0.0113900497 0.740534754
1780046327.14961 -24.3282144 0.555458363 50.1837121 0.00509547489 -0.671966108 0.0122653125 0.740462793
1780046327.48294 -24.4841326 0.550961498 50.1999002 0.00484818504 -0.671958291 0.0129439234 0.740459995
1780046327.81627 -24.6534378 0.55067639 50.2141127 0.00472212941 -0.67243495 0.0138112897 0.740012289
1780046328.1496 -24.8051191 0.545306239 50.2276804 0.00550275322 -0.671577598 0.0137780179 0.740785675
1780046328.48292 -24.9651563 0.541823572 50.2397568 0.00586736723 -0.671557242 0.0132663052 0.740810671
1780046328.81626 -25.1313528 0.541440263 50.2504201 0.00474978175 -0.671552116 0.0112614951 0.740856513
1780046329.14959 -25.2931973 0.540302998 50.2680777 0.00269924673 -0.671903204 0.0113120574 0.74054766
1780046329.48291 -25.4556497 0.539845195 50.2844978 0.0025805082 -0.671994678 0.0122693205 0.740449834
1780046329.81653 -25.6157084 0.538383897 50.2976587 0.00391231018 -0.671943824 0.0138326341 0.740462592
1780046330.15037 -25.7736274 0.533811119 50.3098787 0.00531488354 -0.67213225 0.0135079712 0.740288812
1780046330.48426 -25.9341192 0.531271418 50.3202686 0.00507755698 -0.671904189 0.0134877023 0.740497847
1780046330.81787 -26.0970601 0.529748946 50.3316002 0.00427301774 -0.672249949 0.013024359 0.740197348
1780046331.1513 -26.2600181 0.529433632 50.3477889 0.00453020707 -0.672007252 0.0138012398 0.740402091
1780046331.48473 -26.4189452 0.525131397 50.3604186 0.0049160289 -0.671545588 0.0132039356 0.740829273
1780046331.81815 -26.5812165 0.525979966 50.3731665 0.00462875241 -0.671866438 0.0127967101 0.740547303
1780046332.15156 -26.7436681 0.523411471 50.3877905 0.00404953957 -0.672135912 0.0131625763 0.740299712
1780046332.48497 -26.90881 0.519315835 50.4021743 0.00305175558 -0.672067866 0.0130258631 0.74036869
1780046332.81839 -27.0697741 0.521061865 50.4161135 0.00377878032 -0.671901371 0.0137342083 0.74050364
1780046333.15181 -27.2308346 0.517518495 50.4266934 0.00492521411 -0.671777928 0.013943024 0.740604989
1780046333.48522 -27.3928886 0.516384465 50.4394408 0.00498609679 -0.67172712 0.014922518 0.740631577
1780046333.81864 -27.5545677 0.516809367 50.4554685 0.00461178915 -0.672087439 0.0156411002 0.740292214
1780046334.15205 -27.7217036 0.517937904 50.4717729 0.00343659312 -0.672340841 0.0159594205 0.740061673
1780046334.48546 -27.8935497 0.516569668 50.484646 0.00361981035 -0.671910026 0.0158881624 0.740453496
1780046334.81887 -28.0513408 0.509965116 50.4976143 0.00374983777 -0.67216093 0.0151052601 0.740241484
1780046335.15229 -28.2100882 0.506093557 50.5113105 0.00274531008 -0.672455728 0.0144453749 0.739991276
1780046335.4857 -28.3796549 0.507170236 50.5239232 0.00194060303 -0.673004699 0.0136253337 0.739510149
1780046335.81911 -28.5371081 0.503769154 50.5380335 0.00332223593 -0.67234719 0.0146986162 0.740082542
1780046336.15252 -28.6958887 0.497014503 50.5496678 0.00564184404 -0.672529919 0.0149586347 0.739897234
1780046336.48593 -28.861505 0.496030744 50.5605348 0.00716157348 -0.672093663 0.0148003182 0.740283574
1780046336.81934 -29.0258427 0.495379789 50.5737917 0.00597515092 -0.672017591 0.0152087528 0.740354881
1780046337.15275 -29.1923591 0.492591168 50.5875868 0.00515318469 -0.672455728 0.0147275247 0.739972863
1780046337.48616 -29.3533681 0.491316676 50.5974649 0.00555785033 -0.67263219 0.0142439873 0.739819003
1780046337.81957 -29.5256683 0.489581439 50.6071662 0.00651453916 -0.672634465 0.0127075345 0.739837114
1780046338.15299 -29.6852128 0.48695745 50.6210851 0.00631559424 -0.672812465 0.0129073117 0.73967351
1780046338.4864 -29.8519812 0.485108264 50.6345576 0.00549402062 -0.673491402 0.0129250347 0.739061629
1780046338.81981 -30.0193847 0.482676838 50.6490232 0.00670210721 -0.673382465 0.0140773206 0.739129871
1780046339.15322 -30.1797702 0.47868423 50.6596355 0.00805160839 -0.672390875 0.0136700191 0.740026224
1780046339.48663 -30.3469333 0.478685115 50.672127 0.00801975206 -0.672927888 0.0128796722 0.73955247
1780046339.82004 -30.5115884 0.478034843 50.6847695 0.00688348235 -0.673034332 0.013234966 0.739460777
1780046340.15345 -30.6763404 0.476790775 50.6995878 0.00638143002 -0.673336856 0.0128713017 0.739196243
1780046340.48686 -30.8396157 0.474451349 50.7079311 0.00729960733 -0.672477736 0.012869562 0.739969448
1780046340.82028 -31.0060047 0.472410657 50.7235639 0.00622771877 -0.672253474 0.0129625751 0.740181365
1780046341.15369 -31.1717239 0.47048566 50.7359543 0.00594225544 -0.672705108 0.0128347857 0.739775503
1780046341.4871 -31.3366634 0.471467092 50.7502127 0.00502222497 -0.673148117 0.0137053974 0.739363613
1780046341.82051 -31.500531 0.472208529 50.7630092 0.00448636292 -0.673202561 0.0149668805 0.739293025
1780046342.15392 -31.6616637 0.46814205 50.775457 0.00441234447 -0.672699169 0.0140251609 0.739770001
1780046342.48733 -31.8259383 0.465201009 50.787321 0.0051476493 -0.673098054 0.0141666877 0.739399632
1780046342.82074 -31.9880729 0.466255103 50.8011724 0.00499839791 -0.673306916 0.0153847314 0.739186122
1780046343.15416 -32.1544109 0.465107162 50.8155351 0.00439810214 -0.674118818 0.0162130522 0.73843186
1780046343.48757 -32.318451 0.46229154 50.826543 0.00514895165 -0.673349131 0.0163266406 0.739126428
1780046343.82098 -32.4804859 0.458869777 50.837751 0.00507619048 -0.673561368 0.0154695333 0.738951967
1780046344.1544 -32.6492757 0.458399306 50.8496644 0.00530133586 -0.673323178 0.0158779261 0.739158769
1780046344.48781 -32.8178083 0.455921885 50.8633484 0.00468091229 -0.673777499 0.0157498177 0.738751591
1780046344.82122 -32.9765942 0.453720588 50.8771841 0.00423886114 -0.673701179 0.0159527866 0.738819506
1780046345.15463 -33.1351261 0.451546951 50.8900615 0.00507487265 -0.673400003 0.0165762301 0.739075037
1780046345.48804 -33.30209 0.44709491 50.8991676 0.00564954967 -0.675901604 0.0163454167 0.736788933
1780046345.82146 -33.4770793 0.449938498 50.8976589 0.00600132666 -0.688164784 0.0164651497 0.725342756
1780046346.15488 -33.6386629 0.4397148 50.9024897 0.00526466329 -0.688365998 0.0164086695 0.725158804
1780046346.4883 -33.8067696 0.441374882 50.9091559 0.00505811818 -0.688201827 0.0163727226 0.725316893
1780046346.82172 -33.9637602 0.44187971 50.9168823 0.00569751386 -0.68814569 0.0172079556 0.725346079
1780046347.15515 -34.1310657 0.441088135 50.9211433 0.00653859517 -0.68838394 0.0176389876 0.72510252
1780046347.48857 -34.287202 0.433878261 50.9282711 0.00546583073 -0.688781252 0.0173439409 0.724741126
1780046347.82246 -34.4548438 0.436225131 50.9361826 0.0038685239 -0.68898173 0.0173044831 0.724561774
1780046348.15671 -34.6217721 0.434955191 50.9390424 0.00411740695 -0.688238731 0.0164145119 0.725286881
1780046348.491 -34.7817157 0.431253148 50.9471792 0.00524605563 -0.688585681 0.016895488 0.724939157
1780046348.82474 -34.9406689 0.427638519 50.9543371 0.00541657635 -0.689063143 0.0172014917 0.724476883
1780046349.15807 -35.1063203 0.425807408 50.9605456 0.00426333878 -0.688976734 0.0173615573 0.724562945
1780046349.4914 -35.2485798 0.418515349 50.9818383 0.00271694739 -0.689137908 0.0167913369 0.724430544
1780046349.82481 -35.426591 0.416856971 50.9692591 0.00422541984 -0.687969919 0.0168449762 0.725531379
1780046350.15827 -35.5914838 0.418016367 50.9779738 0.00524659941 -0.689246641 0.0183298298 0.724275886
1780046350.49173 -35.7619827 0.415456464 50.9848633 0.00476323768 -0.68875227 0.0181321331 0.724754336
1780046350.82513 -35.9068511 0.415092791 50.9884652 0.00360051367 -0.689245486 0.0183275533 0.724287096
1780046351.15845 -36.088538 0.412016505 50.9953923 0.00369471767 -0.688432533 0.0182995335 0.725060082
1780046351.49176 -36.235109 0.40482959 50.9982736 0.00406988024 -0.689086377 0.0176197742 0.724453549
1780046351.82507 -36.3978619 0.401755757 51.0046114 0.00536126818 -0.688997729 0.0176694086 0.724528246
1780046352.15839 -36.5736845 0.403056721 51.0053137 0.0053356638 -0.688961371 0.0177166816 0.724561853
1780046352.49171 -36.724067 0.394949306 51.0155623 0.00539981958 -0.688759243 0.0196660706 0.724703245
1780046352.82503 -36.8898557 0.398488685 51.0184206 0.00544362012 -0.689013665 0.0185271247 0.72449105
1780046353.15835 -37.0487117 0.390284022 51.0252197 0.00515334042 -0.68906115 0.0179698733 0.724462047
1780046353.49166 -37.2320054 0.399218344 51.0317996 0.00234695674 -0.688899863 0.0158026359 0.724680445
1780046353.82498 -37.3814395 0.389038602 51.0336052 0.00374381283 -0.689485866 0.0168929081 0.724092435
1780046354.1583 -37.5487237 0.386581743 51.0405701 0.00424767334 -0.689109849 0.0179268998 0.724422667
1780046354.49162 -37.7118672 0.384307458 51.0406426 0.00551154202 -0.688384314 0.0179002447 0.725104296
1780046354.82494 -37.8733782 0.385343094 51.048111 0.00571147462 -0.689055453 0.0176291652 0.724471652
1780046355.15826 -38.0432141 0.386305902 51.0534726 0.00411015289 -0.689057974 0.0168699551 0.724498185
1780046355.49158 -38.2082323 0.382030786 51.0636097 0.0027755084 -0.68933928 0.0179713595 0.724210387
1780046355.82489 -38.3664577 0.379846239 51.0641195 0.00577596487 -0.68889664 0.0171232118 0.72463429
1780046356.15821 -38.5301061 0.376793742 51.0682009 0.00793390025 -0.689267833 0.018297636 0.724232079
1780046356.49153 -38.7068546 0.377570798 51.0700096 0.00652513312 -0.689823083 0.0159203372 0.7237735
1780046356.82484 -38.8693261 0.373685743 51.0788364 0.00621574474 -0.689512293 0.0151192253 0.724089477
1780046357.15816 -39.0283805 0.371385527 51.0858766 0.0077295 -0.689439836 0.0161158951 0.724122397
1780046357.49148 -39.1828805 0.367233703 51.0843303 0.00759464701 -0.688892549 0.0153499523 0.724661132
1780046357.82479 -39.3504417 0.363723306 51.0869729 0.00840973744 -0.693109116 0.0157994361 0.720610441
1780046358.15811 -39.5201205 0.363387167 51.0755965 0.00796581698 -0.702842642 0.0155469708 0.71113083
1780046358.49143 -39.6865404 0.36148194 51.0575704 0.00708585439 -0.717065056 0.0162690781 0.69678032
1780046358.82475 -39.8515968 0.359533689 51.0287554 0.00829143228 -0.73066342 0.0158325722 0.682503882
1780046359.15807 -40.0233304 0.357019225 50.9815432 0.0100471126 -0.752179942 0.0171561245 0.65865777
1780046359.49138 -40.1868708 0.351804111 50.9177335 0.0116069959 -0.773123846 0.0177120352 0.633901476
1780046359.8247 -40.343498 0.345012785 50.8559443 0.0113035502 -0.792537525 0.0186822742 0.609432091
1780046360.15802 -40.4985497 0.343317748 50.7919902 0.00753502087 -0.808903363 0.0169935687 0.587647677
1780046360.49134 -40.6512474 0.338239688 50.7081192 0.00964520902 -0.822875628 0.0156679086 0.567923575
1780046360.82465 -40.7926688 0.3302934 50.6266162 0.00961835308 -0.836204487 0.0160331964 0.548098969
1780046361.15797 -40.9362119 0.326350315 50.5402854 0.0104003606 -0.846305905 0.0181875753 0.532285036
1780046361.49129 -41.0813317 0.322678096 50.4619777 0.009508381 -0.850627471 0.0197067391 0.525313374
1780046361.8246 -41.2216688 0.316903923 50.3862367 0.00895355531 -0.849945242 0.0186084789 0.526466185
1780046362.15792 -41.3644027 0.313450901 50.3125643 0.0108887994 -0.849842991 0.0184905716 0.52659892
1780046362.49123 -41.5062272 0.307539739 50.237535 0.0104711865 -0.8496484 0.0182008907 0.52693138
1780046362.82455 -41.6473462 0.303771535 50.1726142 0.00921423698 -0.846412855 0.0179035349 0.532146447
1780046363.15787 -41.7950746 0.302352724 50.1036488 0.00855055484 -0.842203723 0.0175591271 0.538805581
1780046363.49118 -41.9375986 0.294763976 50.0446569 0.00848837877 -0.837150127 0.0175573122 0.546625423
1780046363.82471 -42.0840586 0.289203656 50.0018242 0.00812543285 -0.823711006 0.0195206475 0.566615478
1780046364.15851 -42.2316247 0.288547564 49.9514953 0.00978375213 -0.812984503 0.0163902327 0.581972367
1780046364.49236 -42.3877286 0.284469062 49.9127496 0.00715915788 -0.804440849 0.0160291363 0.593773301
1780046364.82602 -42.5369479 0.284626588 49.8989172 0.00607956546 -0.782835533 0.0173048546 0.621958286
1780046365.15942 -42.6897323 0.278622969 49.89707 0.00870677092 -0.753257442 0.0162642497 0.657467028
1780046365.49282 -42.8383474 0.277460577 49.904808 0.00761316125 -0.731338709 0.0157833468 0.681789277
1780046365.82625 -43.0015241 0.277802895 49.9160319 0.0040767393 -0.714123537 0.0156294476 0.699833319
1780046366.15973 -43.1488276 0.273757162 49.9102014 0.00735090044 -0.714470767 0.0164458229 0.699433358
1780046366.49321 -43.3047383 0.266280831 49.9091282 0.00874158646 -0.712855836 0.02029553 0.700962362
1780046366.82667 -43.4547974 0.265182907 49.9062528 0.00929173169 -0.707370822 0.0161245325 0.706597611
1780046367.16008 -43.6180202 0.260215475 49.9114691 0.0103101936 -0.700606018 0.0168561599 0.713274685
1780046367.4935 -43.7711082 0.257013875 49.9261323 0.00978611873 -0.689079876 0.0162308109 0.724437518
1780046367.82691 -43.9364661 0.253590424 49.9328464 0.007488798 -0.688903736 0.0154722796 0.724648997
1780046368.16034 -44.0955036 0.252299647 49.9399753 0.00828303142 -0.688634882 0.0159651766 0.724885166
1780046368.49376 -44.2585782 0.247401938 49.9436999 0.00909631275 -0.688694347 0.0157813287 0.724822946
1780046368.82718 -44.4173251 0.244200827 49.9491877 0.00872925958 -0.688672784 0.0153392749 0.724857436
1780046369.16061 -44.5856196 0.24309625 49.9549555 0.00733921094 -0.689606197 0.0144854468 0.724002487
1780046369.49404 -44.745923 0.241468512 49.9615464 0.00789058661 -0.68924971 0.0158044931 0.724308494
1780046369.82747 -44.9132341 0.239483387 49.9608857 0.00927531021 -0.691316842 0.0148134192 0.722340332
1780046370.16089 -45.079666 0.235532822 49.9658423 0.00923852112 -0.691844317 0.0153563971 0.721824267
1780046370.49431 -45.2444649 0.232657974 49.9692015 0.00834440339 -0.694181032 0.0151956364 0.719591661
1780046370.82772 -45.413545 0.232327386 49.9718014 0.00764464709 -0.693778983 0.0152460967 0.719985999
1780046371.16114 -45.5700975 0.226732838 49.9777544 0.00649395131 -0.693675983 0.0161187874 0.720077526
1780046371.49455 -45.7358831 0.224910628 49.9786865 0.00785139198 -0.693660589 0.016364866 0.720073284
1780046371.82796 -45.8966644 0.221995585 49.9843595 0.00668247078 -0.694124414 0.0156597408 0.719653677
1780046372.16137 -46.0613 0.218094404 49.9882781 0.00655752329 -0.694302287 0.0171375643 0.719449537
1780046372.49478 -46.2254493 0.217977783 49.9916557 0.00555811505 -0.695130381 0.0154055633 0.718697106
1780046372.8282 -46.3873492 0.214326206 49.9909152 0.00723928504 -0.694825086 0.0157117416 0.718970677
1780046373.16161 -46.5451883 0.207365699 49.9924145 0.00949809861 -0.694186702 0.0168842156 0.719534246
1780046373.49503 -46.7079045 0.207639798 49.9957764 0.0091700728 -0.694515447 0.0165554535 0.719228838
1780046373.82844 -46.8712743 0.203129922 49.9985732 0.00820695532 -0.694640087 0.0162898225 0.719126162
1780046374.16185 -47.0310414 0.197184952 50.0043559 0.00759801953 -0.694445737 0.0165156946 0.719315383
1780046374.49526 -47.1968085 0.19798987 50.0067067 0.00809048531 -0.694291637 0.0169531119 0.71944858
1780046374.82867 -47.3622681 0.19550677 50.0092859 0.00833932833 -0.694466901 0.0167529294 0.719281251
1780046375.16209 -47.5225226 0.191136051 50.0107012 0.00816099833 -0.694618987 0.0168712981 0.71913366
1780046375.4955 -47.6877885 0.190253394 50.0125554 0.00746704809 -0.694694676 0.0163523577 0.719080072
1780046375.82891 -47.857017 0.186780672 50.0196131 0.00773330046 -0.694135783 0.017300832 0.719594602
1780046376.16232 -48.0167045 0.178927319 50.0135443 0.00890123893 -0.701332687 0.01688099 0.712578601
1780046376.49574 -48.1818755 0.173109912 49.9957585 0.00959122343 -0.713983672 0.0190956191 0.699836182
1780046376.82915 -48.3456511 0.172934766 49.9597163 0.0099890271 -0.735995058 0.0198384918 0.676622442
1780046377.16256 -48.4813547 0.170650757 49.9126855 0.00894458625 -0.759855675 0.0170381045 0.649806934
1780046377.49597 -48.5633011 0.168148506 49.8621715 0.00935826893 -0.782550603 0.0166765016 0.622293236
1780046377.82938 -48.6431325 0.165941034 49.8069707 0.0111213622 -0.805455372 0.0162628071 0.592328861
1780046378.1628 -48.7185052 0.161707243 49.7460686 0.0126859098 -0.827867581 0.0162268663 0.560545292
1780046378.49621 -48.7878659 0.157467119 49.6817718 0.0138153252 -0.848585258 0.0169268385 0.528607301
1780046378.82962 -48.8572863 0.154434242 49.6065271 -0.0156812196 0.868385671 -0.016632421 -0.495362279
1780046379.16303 -48.9175762 0.148521351 49.5287228 -0.0180231853 0.887024541 -0.0175009828 -0.461038333
1780046379.49645 -48.9747872 0.145337727 49.4487076 -0.0182269728 0.904662175 -0.0179560598 -0.425360678
1780046379.82986 -49.0278582 0.143609086 49.3600186 -0.0174291978 0.91987579 -0.0163546612 -0.39148088
1780046380.16327 -49.0737974 0.138809583 49.2697413 -0.0173324298 0.934303334 -0.0143675296 -0.355767396
1780046380.49668 -49.1130728 0.138109875 49.1656296 -0.0181211067 0.94730373 -0.0130124817 -0.319558982
1780046380.8301 -49.142883 0.134237631 49.0694048 -0.0187459779 0.958848198 -0.0139581445 -0.282955637
1780046381.16351 -49.1705932 0.13173225 48.9677577 -0.0186141727 0.968942528 -0.0165526633 -0.246028249
1780046381.49692 -49.1866866 0.130026977 48.8638764 -0.0181709455 0.977367824 -0.0169624967 -0.210081477
1780046381.83066 -49.198889 0.126048007 48.7557001 -0.0182571557 0.984787306 -0.0163546868 -0.172026635
1780046382.16487 -49.1979087 0.127205925 48.6476231 -0.0200256071 0.990396173 -0.0160836233 -0.135851803
1780046382.49913 -49.1939285 0.125811061 48.541041 -0.0192811795 0.994933371 -0.0162334084 -0.0973257429
1780046382.833 -49.1795598 0.125637575 48.4359575 -0.020235659 0.997740744 -0.0157636649 -0.062092134
1780046383.16634 -49.1616633 0.124863036 48.3297098 -0.0203192724 0.999280165 -0.014953542 -0.0283314578
1780046383.49967 -49.1363128 0.124966471 48.2279095 -0.0201669173 0.999645705 -0.0167919656 0.00444863584
1780046383.833 -49.1063371 0.127575512 48.1216448 -0.0191843735 0.998927147 -0.015706809 0.0391128049
1780046384.16633 -49.0626937 0.12856241 48.0220455 -0.0193562626 0.996614361 -0.0154459457 0.078400087
1780046384.49967 -49.0076827 0.129977207 47.929277 -0.0195875499 0.992304038 -0.0156956635 0.12125457
1780046384.833 -48.9368218 0.129566758 47.8399811 -0.0199678597 0.984880864 -0.0154131328 0.171386706
1780046385.16635 -48.8571765 0.131703333 47.7643773 -0.0193269158 0.974122479 -0.0153021181 0.224672455
1780046385.49969 -48.770597 0.131162905 47.6918615 -0.0193781205 0.960648355 -0.013602703 0.276756559
1780046385.83302 -48.6828967 0.135115852 47.6257592 -0.0171973557 0.946317666 -0.0132951291 0.32250638
1780046386.16636 -48.6029431 0.136196624 47.5651306 -0.017063444 0.932281484 -0.0123898556 0.361118491
1780046386.4997 -48.5128085 0.134082334 47.5105645 -0.0178192376 0.925119196 -0.0120211929 0.379067855
1780046386.83303 -48.4301375 0.133549864 47.4559149 -0.0177990176 0.913210601 -0.0102485988 0.406969974
1780046387.16637 -48.3221297 0.139640388 47.4135834 -0.0187838833 0.897958787 -0.0113857521 0.439531053
1780046387.49971 -48.2258326 0.132814375 47.3819016 -0.0195626369 0.881203809 -0.0106525593 0.47221147
1780046387.83305 -48.1242481 0.142106785 47.3517468 -0.0187027765 0.863282703 -0.0113451321 0.504246437
1780046388.16638 -48.0225707 0.144934972 47.3341678 -0.0143779622 0.844146554 -0.0111273707 0.535804117
1780046388.49971 -47.9214003 0.150473741 47.323524 -0.0153791203 0.823280169 -0.0125578344 0.567287887
1780046388.83304 -47.8149879 0.1508127 47.3223266 -0.0148372399 0.802560254 -0.0129679621 0.596245526
1780046389.16638 -47.7087773 0.154776629 47.3253983 -0.0145999812 0.78097251 -0.0140855879 0.624235833
1780046389.49971 -47.6033835 0.15408196 47.3356859 -0.0139531537 0.758738779 -0.0126948889 0.651121812
1780046389.83336 -47.5012291 0.157008847 47.3513133 -0.0144027554 0.735971918 -0.0113902873 0.676763
1780046390.16751 -47.3918536 0.162166216 47.3678061 -0.0141537192 0.717861693 -0.0107656625 0.695958593
1780046390.50169 -47.298613 0.16233867 47.3687161 -0.0143944697 0.716630617 -0.01020966 0.697229604
1780046390.83553 -47.2054813 0.161961067 47.3664305 -0.0130420635 0.71740502 -0.0104826683 0.696455351
1780046391.16878 -47.1080422 0.16774473 47.3654988 -0.0139045853 0.717854266 -0.0103719428 0.695977254
1780046391.50203 -47.0075786 0.167875289 47.3655773 -0.0141529542 0.717853335 -0.010363137 0.695973339
1780046391.83527 -46.9094814 0.167759375 47.3644378 -0.0140476045 0.718364687 -0.0100279389 0.695452573
1780046392.16853 -46.8016011 0.174845242 47.3630902 -0.01585826 0.71787959 -0.00846633755 0.695935148
1780046392.50177 -46.7050774 0.175895988 47.3665026 -0.0177750538 0.717517336 -0.00820820104 0.696265428
1780046392.83502 -46.6044588 0.177507503 47.3636195 -0.0169863439 0.718380517 -0.00710790969 0.695406626
1780046393.16827 -46.4986604 0.181262901 47.3597147 -0.0156385211 0.718259287 -0.00749160349 0.695559422
1780046393.50151 -46.3986516 0.182392844 47.3596695 -0.0155518723 0.718433269 -0.0083663966 0.695371685
1780046393.83476 -46.2940706 0.183561913 47.361863 -0.0154889667 0.718618714 -0.00977453508 0.69516307
1780046394.16802 -46.1722981 0.184987803 47.3556405 -0.0146884393 0.718643875 -0.00894379614 0.69516562
1780046394.50126 -46.054269 0.191623139 47.3508082 -0.0146624025 0.718845895 -0.00779642274 0.694971085
1780046394.83451 -45.9267325 0.195601529 47.3552432 -0.0150624816 0.714915751 -0.00775476593 0.699005332
1780046395.16776 -45.8167205 0.195643415 47.3659129 -0.0156559777 0.708425493 -0.0087276893 0.705557963
1780046395.50101 -45.6985021 0.201483734 47.3731736 -0.0135434013 0.701831292 -0.00790494753 0.712170573
1780046395.83425 -45.5798283 0.205942308 47.3848792 -0.0133450531 0.694752479 -0.00728006494 0.719088244
1780046396.16751 -45.4639089 0.209047772 47.3964263 -0.01520606 0.690685987 -0.00757779855 0.722955199
1780046396.50075 -45.3625759 0.207674497 47.4103114 -0.0152598593 0.690671145 -0.0101506173 0.7229367
1780046396.834 -45.2414207 0.210833459 47.4183449 -0.0146070858 0.690483415 -0.0111067584 0.723115431
1780046397.16725 -45.1295577 0.212081323 47.4261387 -0.0142297287 0.690420303 -0.0117119836 0.723173665
1780046397.5005 -45.005067 0.217215644 47.4349679 -0.0149093462 0.690765582 -0.0110229441 0.722841004
1780046397.83418 -44.8883507 0.219837729 47.4437139 -0.0155571094 0.691186957 -0.0107463474 0.7224286
1780046398.16871 -44.765876 0.224568841 47.4500446 -0.0168617595 0.691137445 -0.00966239692 0.722462007
1780046398.50332 -44.6457817 0.229556483 47.4577617 -0.0165427006 0.691380081 -0.0106944848 0.722222646
1780046398.83748 -44.5267021 0.228764651 47.4661315 -0.0163049627 0.691416696 -0.0105690106 0.722194847
1780046399.17074 -44.4072305 0.228553517 47.4754709 -0.0155423252 0.690682608 -0.0105898386 0.722913429
1780046399.50399 -44.2735109 0.234130629 47.4788389 -0.0148056916 0.690951009 -0.0105272343 0.722673282
1780046399.83723 -44.1383076 0.239034199 47.4856786 -0.0149911634 0.691112482 -0.0101717593 0.722520129
1780046400.17049 -44.0026876 0.243792893 47.4928964 -0.0144741788 0.691135875 -0.0100943362 0.72250938
1780046400.50373 -43.8755285 0.241907581 47.5026093 -0.0144381238 0.691793785 -0.00971016368 0.721885457
1780046400.83697 -43.724943 0.246037236 47.5142664 -0.014348931 0.691365622 -0.0109298065 0.722279879
1780046401.17023 -43.5803024 0.247513561 47.5249067 -0.0143715298 0.691091477 -0.0105576103 0.722547276
1780046401.50347 -43.4164154 0.253781356 47.5312626 -0.014071278 0.69110232 -0.00975302501 0.722554123
1780046401.83671 -43.2453375 0.258699044 47.5438869 -0.0137585539 0.691622715 -0.0100388641 0.722058131
1780046402.16997 -43.0770328 0.258753627 47.5541614 -0.01309128 0.69174483 -0.00969565015 0.721958242
1780046402.50321 -42.9082931 0.268101617 47.5621495 -0.0147500657 0.691875353 -0.00714763268 0.721830896
1780046402.83646 -42.7589761 0.26659848 47.5773994 -0.0146895698 0.691080616 -0.0107470455 0.722548476
1780046403.16971 -42.618386 0.270884808 47.5841464 -0.0127574096 0.691396891 -0.0101894466 0.722290636
1780046403.50296 -42.4693954 0.276342674 47.5927597 -0.0141212015 0.690978516 -0.0102676322 0.722664416
1780046403.83621 -42.3143074 0.280832969 47.6098861 -0.0171861319 0.692048511 -0.0106081758 0.721568404
1780046404.16946 -42.1584775 0.282681135 47.6124192 -0.0146898466 0.691547992 -0.0106896486 0.722102011
1780046404.5027 -41.9960044 0.282901394 47.6252242 -0.0147943879 0.691869545 -0.0105958492 0.721793175
1780046404.83595 -41.8322656 0.289473651 47.6349531 -0.0142165858 0.692299333 -0.0102075145 0.721398176
1780046405.1692 -41.6688947 0.293222196 47.6453206 -0.0152624749 0.69252593 -0.00957802209 0.72116791
1780046405.50244 -41.5131794 0.294996911 47.6543753 -0.0140332458 0.692727537 -0.00963209307 0.720998509
1780046405.83585 -41.3460904 0.299126559 47.6671411 -0.0130926722 0.692599237 -0.0109738666 0.721120276
1780046406.16959 -41.1731676 0.300941729 47.675951 -0.0113494286 0.692409543 -0.0116295811 0.721321681
1780046406.50338 -41.0086458 0.305124152 47.6837307 -0.0124784053 0.69257777 -0.00986913303 0.721167749
1780046406.83703 -40.8510975 0.307024395 47.691712 -0.0122444226 0.696754635 -0.0105951584 0.717126764
1780046407.17038 -40.6812973 0.310453545 47.6948217 -0.0132691239 0.701791213 -0.011114924 0.712172369
1780046407.50372 -40.5225623 0.311398127 47.684105 -0.0136532742 0.709481033 -0.0104788294 0.704514334
1780046407.83706 -40.3635685 0.315524308 47.6679388 -0.0129111724 0.723788412 -0.0116795583 0.689802308
1780046408.1704 -40.2013875 0.312257667 47.6679082 -0.0126836124 0.723914753 -0.0115044227 0.689676885
1780046408.50373 -40.046529 0.318400419 47.6628502 -0.0139768906 0.724114915 -0.0128493612 0.689417964
1780046408.83706 -39.8856972 0.323433908 47.6624161 -0.0146563649 0.724290589 -0.0129296039 0.689217788
1780046409.17039 -39.7183347 0.326280636 47.6587953 -0.0153534971 0.724509521 -0.0127516102 0.688975777
1780046409.50372 -39.5551286 0.330235471 47.6514142 -0.0154874667 0.725274882 -0.0127016025 0.688167968
1780046409.83705 -39.4211281 0.316551448 47.6630011 -0.0152044877 0.729365965 -0.0127515302 0.68383588
1780046410.17038 -39.2542768 0.323780485 47.6553499 -0.0157125553 0.729160946 -0.0126662218 0.684044587
1780046410.50371 -39.1003324 0.327809738 47.6502994 -0.0159967312 0.729340729 -0.0124291888 0.683850657
1780046410.83703 -38.9520586 0.327357821 47.6487538 -0.0162696729 0.730027042 -0.0114434461 0.683128731
1780046411.17036 -38.8235453 0.328473098 47.6454628 -0.0162964172 0.729817482 -0.0117608785 0.683346583
1780046411.50369 -38.6823928 0.333505725 47.6383742 -0.0163916966 0.730238354 -0.0118944833 0.682892217
1780046411.83701 -38.5624552 0.333903511 47.6394199 -0.0174230912 0.730423701 -0.0116587156 0.682672489
1780046412.17035 -38.440846 0.334853027 47.6417961 -0.0174827427 0.730307352 -0.012758162 0.682775771
1780046412.50367 -38.3241637 0.332143519 47.64043 -0.0177613634 0.730436514 -0.011857284 0.682646642
1780046412.83699 -38.2172444 0.336594467 47.638092 -0.0179719745 0.730782672 -0.0125945785 0.682257335
1780046413.17033 -38.1359315 0.331522741 47.6414767 -0.0177836048 0.731381113 -0.0122376395 0.681627209
1780046413.50365 -38.0331181 0.336109988 47.6353757 -0.017352293 0.731091367 -0.0118904995 0.681955224
1780046413.83713 -37.9560387 0.340325692 47.628441 -0.0169775121 0.731067821 -0.0124554452 0.681979814
1780046414.17093 -37.9052552 0.338197511 47.6281661 -0.017463609 0.730935048 -0.0121857452 0.682114716
1780046414.50478 -37.9031249 0.33840339 47.6294917 -0.0176115535 0.731015356 -0.0122333233 0.682023994
1780046414.83849 -37.901908 0.337851524 47.6289583 -0.0175733591 0.730992584 -0.0120796533 0.682052124
1780046415.17191 -37.902503 0.33881071 47.6284337 -0.0174444024 0.731008652 -0.0121803916 0.682036423
1780046415.50532 -37.9009127 0.339019197 47.6287005 -0.0174877231 0.730976357 -0.012233145 0.682068981
1780046415.83873 -37.9018297 0.338653929 47.6291042 -0.0174823309 0.731005985 -0.0122777404 0.682036564
1780046416.17214 -37.9020514 0.338853072 47.6281965 -0.0171519605 0.730990564 -0.012496782 0.682057502
1780046416.50555 -37.9017904 0.339491681 47.6287553 -0.0174592876 0.731060443 -0.0123306996 0.681977826
1780046416.83922 -37.9029002 0.337476753 47.6297966 -0.0172981995 0.730997003 -0.0122945081 0.682050584
1780046417.17345 -37.903109 0.337976755 47.6293821 -0.017355766 0.73105149 -0.0123766229 0.681989234
1780046417.50772 -37.9028816 0.338626703 47.6300444 -0.0175198227 0.731057608 -0.0123119129 0.681979652
